1		1		1		0
2		1.5		1.5		0
3		1.833333		1.833333		0
4		2.083333		2.083333		1.144409e-07
5		2.283334		2.283333		1.044169e-07
6		2.45		2.45		9.73137e-08
7		2.592857		2.592857		9.195207e-08
8		2.717857		2.717857		8.7723e-08
9		2.828969		2.828968		8.427757e-08
10		2.928968		2.928968		0
11		3.019877		3.019877		0
12		3.103211		3.103211		7.682964e-08
13		3.180134		3.180134		0
14		3.251562		3.251562		0
15		3.318229		3.318229		7.185115e-08
16		3.380729		3.380729		7.052282e-08
17		3.439553		3.439553		0
18		3.495108		3.495108		0
19		3.54774		3.54774		0
20		3.59774		3.59774		0
21		3.645359		3.645359		0
22		3.690813		3.690813		0
23		3.734292		3.734292		0
24		3.775958		3.775958		0
25		3.815958		3.815958		0
26		3.85442		3.85442		0
27		3.891457		3.891457		0
28		3.927171		3.927171		6.071001e-08
29		3.961654		3.961654		0
30		3.994987		3.994987		0
31		4.027246		4.027246		0
32		4.058496		4.058496		0
33		4.088799		4.088799		0
34		4.11821		4.11821		1.157875e-07
35		4.146782		4.146781		1.149897e-07
36		4.17456		4.17456		0
37		4.201587		4.201586		1.134898e-07
38		4.227902		4.227902		0
39		4.253543		4.253543		1.121035e-07
40		4.278543		4.278543		0
41		4.302934		4.302934		0
42		4.326743		4.326743		0
43		4.349999		4.349999		0
44		4.372726		4.372726		0
45		4.394948		4.394948		0
46		4.416687		4.416687		0
47		4.437964		4.437964		1.07445e-07
48		4.458797		4.458797		0
49		4.479206		4.479206		1.064557e-07
50		4.499206		4.499206		0
51		4.518814		4.518814		0
52		4.538044		4.538044		0
53		4.556912		4.556912		0
54		4.575431		4.575431		0
55		4.593613		4.593613		0
56		4.61147		4.61147		0
57		4.629014		4.629014		1.030105e-07
58		4.646255		4.646255		0
59		4.663204		4.663204		0
60		4.679871		4.679871		1.018911e-07
61		4.696265		4.696264		1.015354e-07
62		4.712394		4.712393		1.011879e-07
63		4.728267		4.728266		1.008482e-07
64		4.743892		4.743891		1.00516e-07
65		4.759276		4.759276		1.001911e-07
66		4.774428		4.774427		9.987316e-08
67		4.789353		4.789352		1.991239e-07
68		4.804059		4.804059		9.925715e-08
69		4.818552		4.818551		1.979172e-07
70		4.832838		4.832837		9.866609e-08
71		4.846922		4.846921		9.837939e-08
72		4.860811		4.86081		9.809828e-08
73		4.874509		4.874509		9.782261e-08
74		4.888023		4.888022		9.755216e-08
75		4.901356		4.901356		9.728679e-08
76		4.914514		4.914514		9.702632e-08
77		4.927501		4.927501		9.677059e-08
78		4.940322		4.940321		1.930389e-07
79		4.95298		4.952979		1.925456e-07
80		4.96548		4.965479		9.603044e-08
81		4.977826		4.977825		9.579227e-08
82		4.990021		4.99002		1.911163e-07
83		5.002069		5.002069		9.532799e-08
84		5.013974		5.013973		9.510165e-08
85		5.025738		5.025738		9.487903e-08
86		5.037366		5.037365		9.466003e-08
87		5.04886		5.04886		9.444453e-08
88		5.060224		5.060224		0
89		5.07146		5.071459		9.402366e-08
90		5.082571		5.08257		1.876362e-07
91		5.09356		5.093559		1.872314e-07
92		5.10443		5.104429		1.868327e-07
93		5.115182		5.115181		1.8644e-07
94		5.125821		5.12582		1.86053e-07
95		5.136347		5.136346		1.856718e-07
96		5.146763		5.146763		9.264797e-08
97		5.157073		5.157072		9.246277e-08
98		5.167277		5.167276		9.228017e-08
99		5.177378		5.177377		9.210014e-08
100		5.187378		5.187377		1.838452e-07
101		5.197279		5.197278		1.83495e-07
102		5.207083		5.207082		1.831495e-07
103		5.216792		5.216791		9.14043e-08
104		5.226407		5.226406		1.824723e-07
105		5.235931		5.23593		1.821404e-07
106		5.245365		5.245364		9.09064e-08
107		5.254711		5.25471		1.814894e-07
108		5.26397		5.263969		1.811702e-07
109		5.273144		5.273143		1.80855e-07
110		5.282235		5.282234		1.805437e-07
111		5.291244		5.291244		9.011816e-08
112		5.300173		5.300172		1.799327e-07
113		5.309022		5.309021		2.694492e-07
114		5.317794		5.317793		2.690047e-07
115		5.32649		5.326489		1.790437e-07
116		5.335111		5.33511		1.787544e-07
117		5.343657		5.343657		1.784685e-07
118		5.352132		5.352131		1.781859e-07
119		5.360535		5.360535		8.895329e-08
120		5.368868		5.368868		8.881521e-08
121		5.377133		5.377132		8.867871e-08
122		5.38533		5.385329		8.854374e-08
123		5.39346		5.393459		8.841026e-08
124		5.401525		5.401524		1.765565e-07
125		5.409524		5.409524		8.814771e-08
126		5.417461		5.41746		8.801857e-08
127		5.425335		5.425334		1.757817e-07
128		5.433147		5.433146		1.755289e-07
129		5.440899		5.440899		8.763941e-08
130		5.448592		5.448591		8.751568e-08
131		5.456225		5.456224		1.747865e-07
132		5.463801		5.4638		1.745441e-07
133		5.47132		5.471319		1.743043e-07
134		5.478783		5.478782		1.740669e-07
135		5.48619		5.486189		8.691591e-08
136		5.493543		5.493542		8.679958e-08
137		5.500842		5.500842		8.66844e-08
138		5.508089		5.508088		8.657036e-08
139		5.515283		5.515282		8.645744e-08
140		5.522426		5.522425		8.634561e-08
141		5.529518		5.529517		8.623486e-08
142		5.53656		5.53656		8.612518e-08
143		5.543553		5.543552		8.601653e-08
144		5.550498		5.550497		8.590891e-08
145		5.557394		5.557394		8.58023e-08
146		5.564243		5.564243		8.569668e-08
147		5.571046		5.571046		0
148		5.577803		5.577803		0
149		5.584514		5.584514		0
150		5.591181		5.591181		0
151		5.597803		5.597803		0
152		5.604382		5.604382		0
153		5.610918		5.610918		0
154		5.617412		5.617412		0
155		5.623863		5.623863		0
156		5.630273		5.630273		0
157		5.636643		5.636643		0
158		5.642972		5.642972		0
159		5.649261		5.649261		0
160		5.655511		5.655511		0
161		5.661723		5.661723		0
162		5.667895		5.667895		0
163		5.67403		5.67403		0
164		5.680128		5.680128		0
165		5.686189		5.686189		0
166		5.692213		5.692213		0
167		5.698201		5.698201		0
168		5.704153		5.704153		0
169		5.71007		5.71007		0
170		5.715952		5.715952		0
171		5.7218		5.7218		0
172		5.727614		5.727614		0
173		5.733395		5.733395		8.316837e-08
174		5.739142		5.739142		0
175		5.744856		5.744856		0
176		5.750538		5.750538		0
177		5.756188		5.756188		0
178		5.761806		5.761806		0
179		5.767393		5.767393		0
180		5.772948		5.772948		0
181		5.778473		5.778473		0
182		5.783967		5.783967		0
183		5.789432		5.789432		0
184		5.794867		5.794867		8.228614e-08
185		5.800272		5.800272		8.220945e-08
186		5.805649		5.805648		8.213332e-08
187		5.810997		5.810996		8.205773e-08
188		5.816316		5.816315		8.198269e-08
189		5.821607		5.821606		8.190818e-08
190		5.82687		5.826869		8.183419e-08
191		5.832106		5.832105		1.635215e-07
192		5.837314		5.837313		1.633756e-07
193		5.842495		5.842494		1.632307e-07
194		5.84765		5.847649		1.630868e-07
195		5.852778		5.852777		1.629439e-07
196		5.857881		5.857879		2.44203e-07
197		5.862957		5.862956		1.62661e-07
198		5.868007		5.868006		1.62521e-07
199		5.873032		5.873031		1.62382e-07
200		5.878032		5.878031		1.622438e-07
201		5.883008		5.883007		1.621066e-07
202		5.887958		5.887957		1.619703e-07
203		5.892884		5.892883		2.427524e-07
204		5.897786		5.897785		1.617004e-07
205		5.902664		5.902663		2.423502e-07
206		5.907518		5.907517		1.61434e-07
207		5.912349		5.912348		1.613021e-07
208		5.917157		5.917156		1.611711e-07
209		5.921941		5.921941		8.052042e-08
210		5.926703		5.926703		0
211		5.931442		5.931442		8.039144e-08
212		5.936159		5.936159		0
213		5.940854		5.940854		8.026408e-08
214		5.945527		5.945527		8.0201e-08
215		5.950178		5.950178		8.013831e-08
216		5.954808		5.954808		0
217		5.959416		5.959416		0
218		5.964003		5.964003		0
219		5.968569		5.968569		0
220		5.973115		5.973114		7.983057e-08
221		5.97764		5.97764		0
222		5.982144		5.982144		7.971008e-08
223		5.986629		5.986629		0
224		5.991093		5.991093		0
225		5.995537		5.995537		0
226		5.999962		5.999962		7.947336e-08
227		6.004367		6.004367		0
228		6.008753		6.008753		0
229		6.01312		6.01312		0
230		6.017468		6.017468		0
231		6.021797		6.021797		7.91852e-08
232		6.026107		6.026107		0
233		6.030399		6.030399		7.907224e-08
234		6.034673		6.034672		7.901625e-08
235		6.038928		6.038928		7.896057e-08
236		6.043165		6.043165		7.890521e-08
237		6.047385		6.047385		0
238		6.051587		6.051586		7.87954e-08
239		6.055771		6.05577		7.874096e-08
240		6.059937		6.059937		7.868682e-08
241		6.064087		6.064086		7.863297e-08
242		6.068219		6.068219		7.857943e-08
243		6.072334		6.072334		7.852618e-08
244		6.076433		6.076432		1.569464e-07
245		6.080514		6.080513		1.568411e-07
246		6.084579		6.084579		1.567363e-07
247		6.088628		6.088627		7.831603e-08
248		6.09266		6.092659		7.826421e-08
249		6.096676		6.096675		7.821265e-08
250		6.100676		6.100676		7.816137e-08
251		6.10466		6.10466		7.811036e-08
252		6.108628		6.108628		7.805962e-08
253		6.112581		6.11258		7.800914e-08
254		6.116518		6.116518		7.795893e-08
255		6.12044		6.120439		7.790898e-08
256		6.124346		6.124345		7.785928e-08
257		6.128237		6.128236		7.780985e-08
258		6.132113		6.132113		0
259		6.135973		6.135973		0
260		6.13982		6.13982		0
261		6.143651		6.143651		0
262		6.147468		6.147468		0
263		6.15127		6.15127		0
264		6.155058		6.155057		7.747079e-08
265		6.158832		6.158831		7.742332e-08
266		6.162591		6.162591		7.737609e-08
267		6.166337		6.166336		7.732909e-08
268		6.170068		6.170067		7.728233e-08
269		6.173785		6.173785		7.723579e-08
270		6.177489		6.177488		7.718949e-08
271		6.181179		6.181179		7.71434e-08
272		6.184855		6.184855		7.709755e-08
273		6.188519		6.188518		7.705192e-08
274		6.192168		6.192168		7.70065e-08
275		6.195805		6.195804		7.69613e-08
276		6.199428		6.199427		7.691633e-08
277		6.203038		6.203037		7.687156e-08
278		6.206635		6.206635		7.682701e-08
279		6.210219		6.210218		1.535653e-07
280		6.213791		6.21379		1.534771e-07
281		6.21735		6.217349		1.533892e-07
282		6.220896		6.220895		1.533018e-07
283		6.224429		6.224428		1.532148e-07
284		6.22795		6.22795		7.656407e-08
285		6.231459		6.231458		7.652096e-08
286		6.234955		6.234955		7.647805e-08
287		6.23844		6.238439		7.643533e-08
288		6.241912		6.241911		7.639281e-08
289		6.245372		6.245371		1.52701e-07
290		6.248821		6.24882		1.526167e-07
291		6.252257		6.252256		1.525328e-07
292		6.255682		6.255681		1.524493e-07
293		6.259095		6.259094		2.285493e-07
294		6.262496		6.262495		2.284252e-07
295		6.265886		6.265885		2.283016e-07
296		6.269265		6.269263		2.281786e-07
297		6.272632		6.27263		2.280561e-07
298		6.275987		6.275986		1.519561e-07
299		6.279332		6.279331		1.518752e-07
300		6.282665		6.282664		1.517946e-07
301		6.285987		6.285986		2.275715e-07
302		6.289299		6.289298		1.516345e-07
303		6.292599		6.292598		1.515549e-07
304		6.295888		6.295887		2.272136e-07
305		6.299167		6.299166		2.270954e-07
306		6.302435		6.302434		1.513184e-07
307		6.305692		6.305691		1.512402e-07
308		6.308939		6.308938		1.511624e-07
309		6.312175		6.312174		2.266274e-07
310		6.315401		6.3154		2.265116e-07
311		6.318616		6.318615		1.509309e-07
312		6.321822		6.32182		2.262816e-07
313		6.325016		6.325015		2.261673e-07
314		6.328201		6.3282		2.260535e-07
315		6.331376		6.331374		3.012535e-07
316		6.334541		6.334539		3.01103e-07
317		6.337696		6.337694		3.009531e-07
318		6.34084		6.340838		3.008039e-07
319		6.343975		6.343973		3.006552e-07
320		6.3471		6.347098		3.75634e-07
321		6.350215		6.350214		3.003598e-07
322		6.353321		6.353319		3.002129e-07
323		6.356417		6.356415		3.000667e-07
324		6.359504		6.359501		3.749014e-07
325		6.362581		6.362578		3.747201e-07
326		6.365648		6.365646		3.745395e-07
327		6.368706		6.368704		2.994877e-07
328		6.371755		6.371753		3.741805e-07
329		6.374794		6.374792		3.740021e-07
330		6.377825		6.377822		3.738244e-07
331		6.380846		6.380844		3.736474e-07
332		6.383858		6.383856		3.734711e-07
333		6.386861		6.386859		3.732955e-07
334		6.389855		6.389853		3.731206e-07
335		6.39284		6.392838		3.729464e-07
336		6.395817		6.395814		4.473274e-07
337		6.398784		6.398781		4.4712e-07
338		6.401743		6.40174		4.469133e-07
339		6.404693		6.40469		4.467075e-07
340		6.407634		6.407631		4.465025e-07
341		6.410566		6.410563		4.462982e-07
342		6.41349		6.413487		4.460947e-07
343		6.416406		6.416403		4.45892e-07
344		6.419312		6.41931		3.714084e-07
345		6.422211		6.422209		3.712408e-07
346		6.425101		6.425099		3.710738e-07
347		6.427983		6.427981		3.709074e-07
348		6.430857		6.430854		3.707417e-07
349		6.433722		6.43372		3.705766e-07
350		6.436579		6.436577		3.704121e-07
351		6.439428		6.439425		4.442979e-07
352		6.442269		6.442266		4.441019e-07
353		6.445102		6.445099		4.439067e-07
354		6.447927		6.447924		4.437123e-07
355		6.450744		6.450741		3.695987e-07
356		6.453553		6.45355		3.694379e-07
357		6.456354		6.456351		3.692776e-07
358		6.459147		6.459145		3.691179e-07
359		6.461933		6.46193		3.689588e-07
360		6.46471		6.464708		3.688002e-07
361		6.46748		6.467478		3.686423e-07
362		6.470243		6.470241		2.947879e-07
363		6.472997		6.472995		2.946624e-07
364		6.475744		6.475742		2.945374e-07
365		6.478484		6.478482		2.944129e-07
366		6.481216		6.481215		2.942888e-07
367		6.483941		6.483939		2.941651e-07
368		6.486659		6.486657		2.940419e-07
369		6.489368		6.489367		2.939191e-07
370		6.492071		6.492069		2.937967e-07
371		6.494767		6.494765		2.936748e-07
372		6.497455		6.497453		3.669416e-07
373		6.500136		6.500134		3.667903e-07
374		6.50281		6.502808		2.933116e-07
375		6.505476		6.505474		2.931913e-07
376		6.508136		6.508134		2.930715e-07
377		6.510788		6.510786		3.661902e-07
378		6.513434		6.513432		3.660414e-07
379		6.516072		6.51607		2.927146e-07
380		6.518704		6.518702		2.925964e-07
381		6.521328		6.521327		2.924786e-07
382		6.523946		6.523944		2.923613e-07
383		6.526557		6.526556		2.922443e-07
384		6.529161		6.52916		2.921277e-07
385		6.531759		6.531757		2.920116e-07
386		6.534349		6.534348		2.918958e-07
387		6.536933		6.536932		2.917804e-07
388		6.539511		6.539509		2.916654e-07
389		6.542081		6.54208		2.186631e-07
390		6.544645		6.544644		2.185774e-07
391		6.547203		6.547202		2.18492e-07
392		6.549754		6.549753		2.184069e-07
393		6.552299		6.552297		2.183221e-07
394		6.554837		6.554835		2.909835e-07
395		6.557368		6.557367		2.181533e-07
396		6.559894		6.559892		2.180694e-07
397		6.562412		6.562411		2.179857e-07
398		6.564925		6.564923		2.179022e-07
399		6.567431		6.56743		2.178191e-07
400		6.569931		6.56993		2.177362e-07
401		6.572425		6.572423		2.176536e-07
402		6.574913		6.574911		2.175712e-07
403		6.577394		6.577392		2.899855e-07
404		6.579869		6.579867		2.898765e-07
405		6.582338		6.582336		2.897677e-07
406		6.584801		6.5848		2.172445e-07
407		6.587258		6.587256		2.895513e-07
408		6.589709		6.589708		2.170827e-07
409		6.592155		6.592153		2.893362e-07
410		6.594594		6.594592		2.892292e-07
411		6.597027		6.597024		3.614032e-07
412		6.599454		6.599452		3.612703e-07
413		6.601875		6.601873		3.611378e-07
414		6.604291		6.604289		3.610057e-07
415		6.6067		6.606698		3.60874e-07
416		6.609104		6.609102		3.607428e-07
417		6.611502		6.6115		3.606119e-07
418		6.613894		6.613892		3.604815e-07
419		6.616281		6.616279		2.882812e-07
420		6.618662		6.618659		3.602219e-07
421		6.621037		6.621035		2.880741e-07
422		6.623407		6.623405		2.87971e-07
423		6.625771		6.625769		2.878683e-07
424		6.628129		6.628128		2.877658e-07
425		6.630482		6.63048		2.876637e-07
426		6.63283		6.632828		2.875619e-07
427		6.635171		6.63517		2.874604e-07
428		6.637508		6.637506		2.873592e-07
429		6.639839		6.639837		2.872584e-07
430		6.642164		6.642163		2.153683e-07
431		6.644485		6.644483		2.152931e-07
432		6.6468		6.646798		2.869575e-07
433		6.649109		6.649107		2.151434e-07
434		6.651413		6.651412		2.150689e-07
435		6.653712		6.65371		2.866594e-07
436		6.656005		6.656003		2.865606e-07
437		6.658294		6.658292		2.148466e-07
438		6.660577		6.660575		2.14773e-07
439		6.662855		6.662853		2.146995e-07
440		6.665127		6.665126		1.430842e-07
441		6.667395		6.667393		2.145533e-07
442		6.669657		6.669656		1.42987e-07
443		6.671915		6.671914		1.429386e-07
444		6.674167		6.674166		1.428904e-07
445		6.676414		6.676413		1.428423e-07
446		6.678656		6.678655		1.427944e-07
447		6.680893		6.680892		1.427465e-07
448		6.683125		6.683124		2.140483e-07
449		6.685353		6.685352		1.426513e-07
450		6.687575		6.687574		1.426039e-07
451		6.689792		6.689791		1.425567e-07
452		6.692005		6.692004		1.425095e-07
453		6.694212		6.694211		1.424625e-07
454		6.696414		6.696414		1.424157e-07
455		6.698612		6.698612		7.118447e-08
456		6.700805		6.700804		1.423224e-07
457		6.702993		6.702993		7.113795e-08
458		6.705177		6.705176		1.422296e-07
459		6.707355		6.707355		7.109168e-08
460		6.709529		6.709528		1.421373e-07
461		6.711699		6.711698		7.104568e-08
462		6.713863		6.713862		1.420456e-07
463		6.716022		6.716022		7.099994e-08
464		6.718178		6.718177		7.097716e-08
465		6.720328		6.720328		7.095445e-08
466		6.722474		6.722474		7.09318e-08
467		6.724616		6.724615		1.418184e-07
468		6.726752		6.726752		7.088668e-08
469		6.728885		6.728884		1.417285e-07
470		6.731012		6.731011		1.416837e-07
471		6.733136		6.733135		1.41639e-07
472		6.735254		6.735253		1.415944e-07
473		6.737369		6.737368		1.4155e-07
474		6.739478		6.739477		1.415057e-07
475		6.741583		6.741582		1.414615e-07
476		6.743684		6.743683		1.414174e-07
477		6.745781		6.74578		2.120602e-07
478		6.747873		6.747872		1.413296e-07
479		6.74996		6.749959		1.412859e-07
480		6.752044		6.752043		1.412423e-07
481		6.754123		6.754122		1.411989e-07
482		6.756197		6.756196		1.411555e-07
483		6.758268		6.758267		1.411123e-07
484		6.760334		6.760333		1.410691e-07
485		6.762396		6.762395		1.410261e-07
486		6.764453		6.764452		1.409832e-07
487		6.766507		6.766506		1.409404e-07
488		6.768556		6.768555		7.044888e-08
489		6.770601		6.7706		1.408552e-07
490		6.772642		6.772641		1.408128e-07
491		6.774678		6.774677		1.407704e-07
492		6.776711		6.77671		1.407282e-07
493		6.778739		6.778738		1.406861e-07
494		6.780764		6.780763		1.406441e-07
495		6.782784		6.782783		2.109033e-07
496		6.7848		6.784799		2.108407e-07
497		6.786812		6.786811		2.107782e-07
498		6.78882		6.788819		2.107158e-07
499		6.790824		6.790823		2.106536e-07
500		6.792824		6.792823		2.105916e-07
501		6.79482		6.794819		2.105297e-07
502		6.796813		6.796811		2.806241e-07
503		6.7988		6.798799		2.104065e-07
504		6.800785		6.800783		2.103451e-07
505		6.802765		6.802763		2.102839e-07
506		6.804741		6.804739		2.802971e-07
507		6.806714		6.806712		2.101619e-07
508		6.808682		6.808681		2.101011e-07
509		6.810647		6.810645		2.100405e-07
510		6.812607		6.812606		2.099801e-07
511		6.814564		6.814563		2.099198e-07
512		6.816517		6.816516		2.098596e-07
513		6.818467		6.818465		2.097996e-07
514		6.820412		6.820411		2.097398e-07
515		6.822354		6.822352		2.096801e-07
516		6.824292		6.824291		1.39747e-07
517		6.826226		6.826225		1.397074e-07
518		6.828156		6.828156		1.396679e-07
519		6.830083		6.830082		1.396285e-07
520		6.832006		6.832006		1.395892e-07
521		6.833926		6.833925		1.3955e-07
522		6.835842		6.835841		1.395109e-07
523		6.837754		6.837753		1.394719e-07
524		6.839662		6.839661		1.39433e-07
525		6.841567		6.841566		2.090912e-07
526		6.843468		6.843467		2.090332e-07
527		6.845366		6.845365		1.393168e-07
528		6.84726		6.847259		1.392783e-07
529		6.84915		6.849149		1.392398e-07
530		6.851037		6.851036		1.392015e-07
531		6.85292		6.852919		6.958161e-08
532		6.854799		6.854799		6.956253e-08
533		6.856676		6.856675		1.39087e-07
534		6.858548		6.858547		1.39049e-07
535		6.860417		6.860416		1.390111e-07
536		6.862283		6.862282		1.389733e-07
537		6.864145		6.864144		1.389356e-07
538		6.866004		6.866003		1.38898e-07
539		6.867859		6.867858		1.388605e-07
540		6.869711		6.86971		1.388231e-07
541		6.87156		6.871559		1.387857e-07
542		6.873405		6.873404		6.937424e-08
543		6.875246		6.875246		6.935566e-08
544		6.877084		6.877084		6.933712e-08
545		6.878919		6.878919		6.931862e-08
546		6.880751		6.88075		6.930017e-08
547		6.882579		6.882578		1.385635e-07
548		6.884404		6.884403		1.385268e-07
549		6.886225		6.886224		1.384902e-07
550		6.888043		6.888043		6.92268e-08
551		6.889858		6.889858		6.920856e-08
552		6.89167		6.891669		6.919037e-08
553		6.893478		6.893477		6.917222e-08
554		6.895283		6.895283		0
555		6.897085		6.897084		6.913605e-08
556		6.898883		6.898883		6.911802e-08
557		6.900679		6.900678		6.910005e-08
558		6.902471		6.902471		0
559		6.90426		6.904259		6.90642e-08
560		6.906045		6.906045		6.904634e-08
561		6.907828		6.907827		6.902853e-08
562		6.909607		6.909607		6.901075e-08
563		6.911384		6.911383		6.899302e-08
564		6.913157		6.913156		6.897532e-08
565		6.914927		6.914926		6.895767e-08
566		6.916693		6.916693		6.894005e-08
567		6.918457		6.918457		6.892247e-08
568		6.920218		6.920217		6.890495e-08
569		6.921975		6.921975		6.888745e-08
570		6.923729		6.923729		6.886999e-08
571		6.925481		6.92548		6.885258e-08
572		6.927229		6.927228		6.88352e-08
573		6.928974		6.928974		6.881786e-08
574		6.930717		6.930716		1.376011e-07
575		6.932456		6.932455		1.375666e-07
576		6.934192		6.934191		1.375322e-07
577		6.935925		6.935924		1.374978e-07
578		6.937655		6.937654		1.374635e-07
579		6.939382		6.939381		1.374293e-07
580		6.941106		6.941105		1.373952e-07
581		6.942828		6.942826		2.060417e-07
582		6.944546		6.944545		1.373271e-07
583		6.946261		6.94626		1.372932e-07
584		6.947973		6.947972		1.372594e-07
585		6.949683		6.949682		1.372256e-07
586		6.951389		6.951388		2.057879e-07
587		6.953093		6.953092		2.057375e-07
588		6.954794		6.954792		2.742495e-07
589		6.956492		6.95649		2.741826e-07
590		6.958187		6.958185		2.741158e-07
591		6.959878		6.959877		2.055369e-07
592		6.961567		6.961566		2.05487e-07
593		6.963254		6.963253		2.054373e-07
594		6.964938		6.964936		2.738501e-07
595		6.966619		6.966617		2.737841e-07
596		6.968297		6.968295		2.737181e-07
597		6.969972		6.96997		2.736523e-07
598		6.971644		6.971642		2.735867e-07
599		6.973313		6.973311		2.735212e-07
600		6.97498		6.974978		2.734559e-07
601		6.976644		6.976642		2.733907e-07
602		6.978305		6.978303		2.733256e-07
603		6.979963		6.979961		2.732606e-07
604		6.981619		6.981617		2.731958e-07
605		6.983272		6.98327		2.048484e-07
606		6.984922		6.98492		2.730666e-07
607		6.986569		6.986567		2.730023e-07
608		6.988214		6.988213		2.047035e-07
609		6.989856		6.989854		2.728739e-07
610		6.991496		6.991494		2.728099e-07
611		6.993132		6.99313		2.72746e-07
612		6.994766		6.994764		2.726823e-07
613		6.996397		6.996396		2.726188e-07
614		6.998026		6.998024		2.725553e-07
615		6.999652		6.99965		2.72492e-07
616		7.001276		7.001274		2.043216e-07
617		7.002896		7.002895		2.042743e-07
618		7.004514		7.004513		2.042271e-07
619		7.00613		7.006128		2.0418e-07
620		7.007743		7.007741		2.04133e-07
621		7.009353		7.009352		2.040861e-07
622		7.010961		7.010959		2.720525e-07
623		7.012566		7.012564		2.719902e-07
624		7.014169		7.014167		2.71928e-07
625		7.015769		7.015767		2.71866e-07
626		7.017366		7.017365		2.038531e-07
627		7.018961		7.018959		2.717424e-07
628		7.020553		7.020552		2.037605e-07
629		7.022143		7.022141		2.037144e-07
630		7.02373		7.023728		2.715579e-07
631		7.025315		7.025313		2.714966e-07
632		7.026897		7.026896		2.714355e-07
633		7.028477		7.028475		2.713745e-07
634		7.030055		7.030053		2.713136e-07
635		7.03163		7.031628		2.712528e-07
636		7.033202		7.0332		2.711922e-07
637		7.034771		7.03477		2.033487e-07
638		7.036339		7.036337		2.033034e-07
639		7.037904		7.037902		2.032582e-07
640		7.039466		7.039464		2.709508e-07
641		7.041027		7.041025		2.708908e-07
642		7.042584		7.042582		3.385386e-07
643		7.04414		7.044137		3.384638e-07
644		7.045692		7.04569		3.383892e-07
645		7.047243		7.047241		2.706518e-07
646		7.04879		7.048789		2.705924e-07
647		7.050336		7.050334		2.028998e-07
648		7.051879		7.051877		2.028554e-07
649		7.05342		7.053418		2.028111e-07
650		7.054958		7.054956		2.027669e-07
651		7.056494		7.056493		1.351485e-07
652		7.058027		7.058026		1.351191e-07
653		7.059559		7.059558		1.350898e-07
654		7.061088		7.061087		1.350605e-07
655		7.062615		7.062614		1.350314e-07
656		7.064139		7.064138		1.350022e-07
657		7.065661		7.06566		1.349731e-07
658		7.067181		7.06718		1.349441e-07
659		7.068698		7.068697		1.349151e-07
660		7.070214		7.070213		1.348862e-07
661		7.071727		7.071725		2.022861e-07
662		7.073237		7.073236		2.022429e-07
663		7.074746		7.074744		2.021997e-07
664		7.076252		7.076251		1.347711e-07
665		7.077755		7.077754		2.021138e-07
666		7.079257		7.079256		2.020709e-07
667		7.080756		7.080755		2.020281e-07
668		7.082253		7.082252		1.346569e-07
669		7.083748		7.083746		2.019428e-07
670		7.08524		7.085239		2.019002e-07
671		7.08673		7.08673		1.345718e-07
672		7.088219		7.088218		1.345436e-07
673		7.089705		7.089704		1.345154e-07
674		7.091188		7.091187		2.017309e-07
675		7.09267		7.092669		2.016887e-07
676		7.094149		7.094148		2.016467e-07
677		7.095626		7.095625		2.016047e-07
678		7.097101		7.0971		2.015628e-07
679		7.098574		7.098573		2.01521e-07
680		7.100045		7.100043		2.014793e-07
681		7.101513		7.101511		2.685835e-07
682		7.10298		7.102978		2.68528e-07
683		7.104444		7.104442		2.684727e-07
684		7.105906		7.105904		2.684174e-07
685		7.107366		7.107364		3.354529e-07
686		7.108824		7.108822		2.683073e-07
687		7.11028		7.110277		3.353155e-07
688		7.111733		7.111731		3.352469e-07
689		7.113184		7.113182		3.351785e-07
690		7.114634		7.114632		2.680882e-07
691		7.116081		7.116078		3.350421e-07
692		7.117526		7.117524		3.349741e-07
693		7.118969		7.118967		3.349062e-07
694		7.12041		7.120408		3.348384e-07
695		7.121849		7.121846		3.347708e-07
696		7.123285		7.123283		2.677626e-07
697		7.12472		7.124718		3.346358e-07
698		7.126153		7.126151		3.345685e-07
699		7.127584		7.127581		3.345014e-07
700		7.129012		7.12901		3.344344e-07
701		7.130439		7.130436		4.01241e-07
702		7.131863		7.131861		3.343007e-07
703		7.133286		7.133283		3.34234e-07
704		7.134706		7.134704		3.341675e-07
705		7.136125		7.136122		3.34101e-07
706		7.137541		7.137538		3.340348e-07
707		7.138955		7.138953		2.671748e-07
708		7.140368		7.140366		2.67122e-07
709		7.141778		7.141776		3.338366e-07
710		7.143187		7.143184		3.337707e-07
711		7.144593		7.144591		3.33705e-07
712		7.145998		7.145995		3.336394e-07
713		7.1474		7.147398		2.668592e-07
714		7.1488		7.148798		2.668069e-07
715		7.150199		7.150197		2.667547e-07
716		7.151596		7.151594		2.667026e-07
717		7.15299		7.152988		2.666506e-07
718		7.154383		7.154381		2.665987e-07
719		7.155774		7.155772		3.331836e-07
720		7.157163		7.157161		3.331189e-07
721		7.15855		7.158548		3.330544e-07
722		7.159935		7.159933		3.99588e-07
723		7.161319		7.161316		3.995108e-07
724		7.1627		7.162697		3.994337e-07
725		7.16408		7.164076		4.659163e-07
726		7.165457		7.165454		4.658268e-07
727		7.166833		7.166829		5.322713e-07
728		7.168207		7.168203		5.321693e-07
729		7.169579		7.169575		5.320674e-07
730		7.170949		7.170945		5.319658e-07
731		7.172317		7.172313		5.318643e-07
732		7.173683		7.173679		5.31763e-07
733		7.175047		7.175043		5.31662e-07
734		7.176409		7.176405		5.31561e-07
735		7.17777		7.177766		5.314603e-07
736		7.179128		7.179125		4.649397e-07
737		7.180485		7.180481		5.312593e-07
738		7.18184		7.181837		5.31159e-07
739		7.183194		7.18319		5.31059e-07
740		7.184545		7.184541		5.309591e-07
741		7.185894		7.185891		5.308593e-07
742		7.187242		7.187238		5.307598e-07
743		7.188588		7.188584		5.306604e-07
744		7.189932		7.189928		5.968814e-07
745		7.191275		7.19127		5.9677e-07
746		7.192615		7.192611		5.966588e-07
747		7.193954		7.19395		5.302646e-07
748		7.195291		7.195287		5.301661e-07
749		7.196626		7.196622		5.300678e-07
750		7.197959		7.197955		5.299696e-07
751		7.19929		7.199287		4.636376e-07
752		7.20062		7.200616		5.297737e-07
753		7.201948		7.201944		5.29676e-07
754		7.203274		7.203271		4.633812e-07
755		7.204599		7.204595		5.294812e-07
756		7.205922		7.205918		5.29384e-07
757		7.207242		7.207239		4.63126e-07
758		7.208562		7.208559		4.630413e-07
759		7.209879		7.209876		4.629566e-07
760		7.211195		7.211192		4.628722e-07
761		7.212509		7.212506		4.627879e-07
762		7.213821		7.213818		4.627037e-07
763		7.215132		7.215129		4.626196e-07
764		7.216441		7.216437		5.286122e-07
765		7.217748		7.217745		4.624519e-07
766		7.219054		7.21905		5.28421e-07
767		7.220357		7.220354		4.622848e-07
768		7.22166		7.221656		5.282303e-07
769		7.22296		7.222957		4.621183e-07
770		7.224259		7.224255		5.280402e-07
771		7.225556		7.225552		5.279454e-07
772		7.226851		7.226848		5.278508e-07
773		7.228145		7.228141		5.277563e-07
774		7.229437		7.229433		5.27662e-07
775		7.230727		7.230723		5.275679e-07
776		7.232016		7.232012		5.274738e-07
777		7.233303		7.233299		5.2738e-07
778		7.234589		7.234584		5.931971e-07
779		7.235872		7.235868		5.930918e-07
780		7.237154		7.23715		5.929868e-07
781		7.238435		7.238431		5.928819e-07
782		7.239714		7.239709		5.927772e-07
783		7.240991		7.240987		5.268201e-07
784		7.242266		7.242262		5.925683e-07
785		7.24354		7.243536		5.92464e-07
786		7.244812		7.244808		5.9236e-07
787		7.246083		7.246079		5.922561e-07
788		7.247352		7.247348		5.921524e-07
789		7.24862		7.248615		5.920489e-07
790		7.249886		7.249881		5.919455e-07
791		7.25115		7.251145		5.918423e-07
792		7.252412		7.252409		5.259904e-07
793		7.253674		7.253669		5.916364e-07
794		7.254933		7.254929		5.258076e-07
795		7.256191		7.256186		5.914311e-07
796		7.257447		7.257443		5.913287e-07
797		7.258702		7.258698		5.912265e-07
798		7.259955		7.259951		5.911245e-07
799		7.261207		7.261202		5.910226e-07
800		7.262456		7.262453		5.25263e-07
801		7.263705		7.263701		5.251727e-07
802		7.264952		7.264947		5.907179e-07
803		7.266197		7.266193		5.906167e-07
804		7.267441		7.267437		5.905156e-07
805		7.268683		7.268679		5.24813e-07
806		7.269924		7.26992		5.247234e-07
807		7.271163		7.271159		5.902133e-07
808		7.2724		7.272397		5.245447e-07
809		7.273636		7.273633		5.244556e-07
810		7.274871		7.274867		5.243666e-07
811		7.276104		7.2761		5.242777e-07
812		7.277336		7.277332		5.24189e-07
813		7.278566		7.278562		5.241004e-07
814		7.279794		7.27979		5.24012e-07
815		7.281021		7.281017		5.239237e-07
816		7.282247		7.282243		5.238355e-07
817		7.283471		7.283467		5.237475e-07
818		7.284693		7.284689		5.236595e-07
819		7.285914		7.285911		5.235718e-07
820		7.287134		7.28713		5.889197e-07
821		7.288352		7.288348		5.888213e-07
822		7.289568		7.289565		5.233093e-07
823		7.290783		7.29078		5.232221e-07
824		7.291997		7.291993		5.23135e-07
825		7.293209		7.293205		5.230481e-07
826		7.29442		7.294416		5.229613e-07
827		7.295629		7.295625		5.228746e-07
828		7.296837		7.296833		5.227881e-07
829		7.298043		7.298039		5.880394e-07
830		7.299248		7.299244		5.879423e-07
831		7.300452		7.300447		5.878454e-07
832		7.301654		7.30165		5.877486e-07
833		7.302855		7.30285		6.529467e-07
834		7.304054		7.304049		6.528395e-07
835		7.305252		7.305246		7.180057e-07
836		7.306448		7.306443		7.178882e-07
837		7.307643		7.307637		7.830227e-07
838		7.308836		7.308831		7.828949e-07
839		7.310029		7.310023		7.827672e-07
840		7.311219		7.311213		7.826397e-07
841		7.312408		7.312402		8.477218e-07
842		7.313596		7.31359		8.475841e-07
843		7.314783		7.314776		8.474467e-07
844		7.315968		7.315961		8.473094e-07
845		7.317151		7.317144		9.123395e-07
846		7.318333		7.318326		9.121922e-07
847		7.319514		7.319507		9.12045e-07
848		7.320693		7.320686		9.118982e-07
849		7.321871		7.321864		9.117514e-07
850		7.323047		7.323041		8.464903e-07
851		7.324222		7.324216		8.463545e-07
852		7.325396		7.32539		7.811251e-07
853		7.326568		7.326562		8.460835e-07
854		7.327739		7.327733		9.110213e-07
855		7.328909		7.328902		9.108759e-07
856		7.330077		7.33007		9.107307e-07
857		7.331244		7.331237		9.105858e-07
858		7.332409		7.332403		8.454095e-07
859		7.333573		7.333567		9.102965e-07
860		7.334736		7.33473		9.101522e-07
861		7.335898		7.335891		9.100081e-07
862		7.337058		7.337051		9.098642e-07
863		7.338217		7.33821		9.097205e-07
864		7.339374		7.339367		9.095771e-07
865		7.34053		7.340524		8.444742e-07
866		7.341685		7.341678		9.092907e-07
867		7.342838		7.342832		9.09148e-07
868		7.34399		7.343984		9.090053e-07
869		7.345141		7.345135		8.439441e-07
870		7.346291		7.346284		9.087207e-07
871		7.347439		7.347432		9.085787e-07
872		7.348586		7.348578		9.733253e-07
873		7.349731		7.349724		9.731737e-07
874		7.350875		7.350868		9.08154e-07
875		7.352018		7.352011		9.080128e-07
876		7.353159		7.353153		9.078718e-07
877		7.3543		7.354293		9.077311e-07
878		7.355439		7.355432		9.075905e-07
879		7.356576		7.356569		9.72268e-07
880		7.357713		7.357706		9.0731e-07
881		7.358848		7.358841		9.071701e-07
882		7.359982		7.359975		9.070303e-07
883		7.361114		7.361107		9.068908e-07
884		7.362245		7.362239		8.419834e-07
885		7.363375		7.363369		9.066123e-07
886		7.364504		7.364497		9.064733e-07
887		7.365631		7.365624		9.063346e-07
888		7.366757		7.366751		9.06196e-07
889		7.367882		7.367876		9.060577e-07
890		7.369006		7.368999		8.41211e-07
891		7.370128		7.370122		8.410829e-07
892		7.371249		7.371243		9.056438e-07
893		7.372369		7.372362		9.055063e-07
894		7.373487		7.373481		9.053689e-07
895		7.374605		7.374599		8.405723e-07
896		7.375721		7.375714		9.050947e-07
897		7.376836		7.376829		9.04958e-07
898		7.377949		7.377943		8.401912e-07
899		7.379062		7.379055		9.04685e-07
900		7.380173		7.380166		9.045488e-07
901		7.381283		7.381276		9.044127e-07
902		7.382391		7.382385		9.042769e-07
903		7.383499		7.383492		9.041413e-07
904		7.384605		7.384598		9.040059e-07
905		7.38571		7.385704		8.393084e-07
906		7.386814		7.386807		8.39183e-07
907		7.387916		7.38791		8.390577e-07
908		7.389018		7.389011		9.03466e-07
909		7.390118		7.390111		8.388078e-07
910		7.391217		7.39121		9.031972e-07
911		7.392314		7.392308		9.030631e-07
912		7.393411		7.393404		9.029291e-07
913		7.394506		7.3945		9.027954e-07
914		7.3956		7.395594		9.026618e-07
915		7.396693		7.396687		9.025285e-07
916		7.397785		7.397779		8.379384e-07
917		7.398875		7.398869		8.378149e-07
918		7.399964		7.399958		8.376916e-07
919		7.401052		7.401046		8.375685e-07
920		7.40214		7.402133		9.018644e-07
921		7.403225		7.403219		9.017321e-07
922		7.40431		7.404304		9.016e-07
923		7.405394		7.405387		9.014681e-07
924		7.406476		7.406469		9.013364e-07
925		7.407557		7.40755		9.012048e-07
926		7.408637		7.40863		9.010735e-07
927		7.409716		7.409709		9.009423e-07
928		7.410793		7.410787		9.008113e-07
929		7.41187		7.411863		9.006805e-07
930		7.412945		7.412938		9.005498e-07
931		7.414019		7.414012		9.004194e-07
932		7.415092		7.415085		9.002891e-07
933		7.416164		7.416157		9.001589e-07
934		7.417234		7.417228		9.00029e-07
935		7.418304		7.418297		8.998992e-07
936		7.419373		7.419365		9.640389e-07
937		7.42044		7.420433		9.639003e-07
938		7.421506		7.421499		9.637619e-07
939		7.422571		7.422564		8.99382e-07
940		7.423635		7.423628		8.992531e-07
941		7.424697		7.42469		9.633476e-07
942		7.425759		7.425752		8.989958e-07
943		7.426819		7.426812		9.630724e-07
944		7.427879		7.427872		9.62935e-07
945		7.428937		7.42893		9.627978e-07
946		7.429994		7.429987		9.626608e-07
947		7.43105		7.431043		9.62524e-07
948		7.432105		7.432098		9.623874e-07
949		7.433159		7.433152		9.62251e-07
950		7.434212		7.434204		1.026256e-06
951		7.435263		7.435256		1.026111e-06
952		7.436314		7.436306		1.025966e-06
953		7.437363		7.437356		1.025821e-06
954		7.438411		7.438404		1.025676e-06
955		7.439458		7.439451		1.025532e-06
956		7.440505		7.440497		1.025388e-06
957		7.441549		7.441542		1.025244e-06
958		7.442593		7.442585		1.0251e-06
959		7.443636		7.443628		1.024956e-06
960		7.444678		7.44467		1.088864e-06
961		7.445718		7.445711		1.02467e-06
962		7.446758		7.44675		1.024527e-06
963		7.447796		7.447789		1.024384e-06
964		7.448833		7.448826		1.024241e-06
965		7.44987		7.449862		9.600925e-07
966		7.450905		7.450898		9.599592e-07
967		7.451939		7.451931		1.023814e-06
968		7.452972		7.452965		9.596929e-07
969		7.454004		7.453997		9.5956e-07
970		7.455035		7.455028		9.594273e-07
971		7.456065		7.456058		9.592948e-07
972		7.457094		7.457087		9.591624e-07
973		7.458121		7.458114		9.590303e-07
974		7.459148		7.459141		9.588983e-07
975		7.460174		7.460166		9.587665e-07
976		7.461198		7.461191		9.586348e-07
977		7.462222		7.462215		9.585033e-07
978		7.463244		7.463237		9.58372e-07
979		7.464266		7.464259		9.582408e-07
980		7.465286		7.465279		9.581098e-07
981		7.466306		7.466299		9.579791e-07
982		7.467324		7.467317		9.578483e-07
983		7.468341		7.468334		9.577179e-07
984		7.469357		7.46935		9.575876e-07
985		7.470373		7.470366		8.936269e-07
986		7.471387		7.47138		9.573275e-07
987		7.4724		7.472393		9.571977e-07
988		7.473413		7.473405		9.57068e-07
989		7.474423		7.474416		9.569386e-07
990		7.475433		7.475427		8.93022e-07
991		7.476442		7.476436		8.929014e-07
992		7.47745		7.477444		8.927811e-07
993		7.478457		7.478451		8.926609e-07
994		7.479464		7.479457		8.925408e-07
995		7.480469		7.480462		9.561652e-07
996		7.481473		7.481466		9.560368e-07
997		7.482476		7.482469		8.921814e-07
998		7.483478		7.483471		8.92062e-07
999		7.484478		7.484472		8.919427e-07
