1		1		1		0
2		1.5		1.5		0
3		1.8333334		1.8333334		0
4		2.0833335		2.0833333		1.1444092e-07
5		2.2833335		2.2833333		1.044169e-07
6		2.4500003		2.45		9.7313702e-08
7		2.5928574		2.5928571		9.1952067e-08
8		2.7178574		2.7178571		8.7723002e-08
9		2.8289685		2.8289683		8.4277573e-08
10		2.9289684		2.9289684		0
11		3.0198774		3.0198774		0
12		3.1032107		3.1032109		7.6829643e-08
13		3.1801338		3.1801338		0
14		3.2515624		3.2515624		0
15		3.318229		3.3182292		7.1851147e-08
16		3.380729		3.3807292		7.0522823e-08
17		3.4395525		3.4395525		0
18		3.4951081		3.4951081		0
19		3.5477397		3.5477397		0
20		3.5977397		3.5977397		0
21		3.6453588		3.6453588		0
22		3.6908133		3.6908133		0
23		3.7342916		3.7342916		0
24		3.7759583		3.7759583		0
25		3.8159583		3.8159583		0
26		3.8544197		3.8544197		0
27		3.8914568		3.8914568		0
28		3.9271712		3.927171		6.0710008e-08
29		3.9616539		3.9616539		0
30		3.9949872		3.9949872		0
31		4.0272455		4.0272455		0
32		4.0584955		4.0584955		0
33		4.0887985		4.0887985		0
34		4.1182103		4.1182098		1.1578749e-07
35		4.1467819		4.1467814		1.149897e-07
36		4.1745596		4.1745596		0
37		4.2015867		4.2015862		1.134898e-07
38		4.2279024		4.2279024		0
39		4.2535434		4.2535429		1.1210353e-07
40		4.2785435		4.2785435		0
41		4.3029337		4.3029337		0
42		4.3267431		4.3267431		0
43		4.349999		4.349999		0
44		4.3727264		4.3727264		0
45		4.3949485		4.3949485		0
46		4.4166875		4.4166875		0
47		4.437964		4.4379644		1.0744502e-07
48		4.4587975		4.4587975		0
49		4.4792056		4.4792061		1.0645573e-07
50		4.4992056		4.4992056		0
51		4.5188136		4.5188136		0
52		4.5380445		4.5380445		0
53		4.5569124		4.5569124		0
54		4.5754309		4.5754309		0
55		4.5936127		4.5936127		0
56		4.6114697		4.6114697		0
57		4.6290135		4.629014		1.0301052e-07
58		4.646255		4.646255		0
59		4.6632042		4.6632042		0
60		4.6798711		4.6798706		1.018911e-07
61		4.6962647		4.6962643		1.0153542e-07
62		4.7123938		4.7123933		1.0118789e-07
63		4.7282667		4.7282662		1.008482e-07
64		4.7438917		4.7438912		1.0051604e-07
65		4.7592764		4.7592759		1.0019112e-07
66		4.7744279		4.7744274		9.9873162e-08
67		4.7893534		4.7893524		1.9912386e-07
68		4.804059		4.8040586		9.925715e-08
69		4.818552		4.8185511		1.9791723e-07
70		4.8328376		4.8328371		9.8666092e-08
71		4.8469219		4.8469214		9.8379388e-08
72		4.8608108		4.8608103		9.8098283e-08
73		4.8745093		4.8745089		9.7822607e-08
74		4.8880229		4.8880224		9.755216e-08
75		4.9013562		4.9013557		9.7286787e-08
76		4.9145141		4.9145136		9.7026316e-08
77		4.9275012		4.9275007		9.6770592e-08
78		4.9403219		4.940321		1.9303894e-07
79		4.95298		4.9529791		1.925456e-07
80		4.9654799		4.9654794		9.603044e-08
81		4.9778256		4.9778252		9.5792267e-08
82		4.9900208		4.9900198		1.9111634e-07
83		5.002069		5.0020685		9.5327991e-08
84		5.0139737		5.0139732		9.5101655e-08
85		5.0257382		5.0257378		9.4879034e-08
86		5.0373659		5.0373654		9.4660031e-08
87		5.0488601		5.0488596		9.444453e-08
88		5.0602236		5.0602236		0
89		5.0714598		5.0714593		9.4023662e-08
90		5.082571		5.0825701		1.8763623e-07
91		5.0935602		5.0935593		1.8723142e-07
92		5.1044297		5.1044288		1.8683272e-07
93		5.1151824		5.1151814		1.8643998e-07
94		5.1258206		5.1258197		1.8605304e-07
95		5.1363468		5.1363459		1.8567175e-07
96		5.1467633		5.1467628		9.2647973e-08
97		5.1570725		5.1570721		9.246277e-08
98		5.1672769		5.1672764		9.2280175e-08
99		5.1773777		5.1773772		9.2100137e-08
100		5.1873779		5.187377		1.8384519e-07
101		5.197279		5.197278		1.8349496e-07
102		5.2070827		5.2070818		1.8314948e-07
103		5.2167916		5.2167912		9.1404303e-08
104		5.2264071		5.2264061		1.8247229e-07
105		5.2359309		5.23593		1.8214038e-07
106		5.2453647		5.2453642		9.0906397e-08
107		5.2547107		5.2547097		1.8148944e-07
108		5.2639699		5.2639689		1.8117021e-07
109		5.2731442		5.2731433		1.80855e-07
110		5.2822351		5.2822342		1.8054374e-07
111		5.291244		5.2912436		9.0118164e-08
112		5.3001728		5.3001719		1.7993271e-07
113		5.3090224		5.309021		2.694492e-07
114		5.3177943		5.3177929		2.6900474e-07
115		5.3264899		5.326489		1.7904371e-07
116		5.3351107		5.3351097		1.7875439e-07
117		5.3436575		5.3436565		1.784685e-07
118		5.3521318		5.3521309		1.7818591e-07
119		5.3605351		5.3605347		8.8953286e-08
120		5.3688684		5.3688679		8.8815213e-08
121		5.3771329		5.3771324		8.8678711e-08
122		5.3853297		5.3853292		8.8543736e-08
123		5.3934598		5.3934593		8.841026e-08
124		5.4015245		5.4015236		1.7655654e-07
125		5.4095244		5.409524		8.8147715e-08
126		5.4174609		5.4174604		8.8018574e-08
127		5.4253349		5.425334		1.7578168e-07
128		5.4331474		5.4331465		1.7552891e-07
129		5.4408994		5.4408989		8.7639407e-08
130		5.4485917		5.4485912		8.751568e-08
131		5.4562254		5.4562244		1.7478649e-07
132		5.4638014		5.4638004		1.7454414e-07
133		5.4713202		5.4713192		1.7430428e-07
134		5.4787827		5.4787817		1.7406686e-07
135		5.4861898		5.4861894		8.6915911e-08
136		5.4935427		5.4935422		8.6799581e-08
137		5.5008421		5.5008416		8.6684402e-08
138		5.5080886		5.5080881		8.657036e-08
139		5.5152826		5.5152822		8.645744e-08
140		5.5224257		5.5224252		8.6345608e-08
141		5.5295177		5.5295172		8.6234863e-08
142		5.5365601		5.5365596		8.6125176e-08
143		5.5435529		5.5435524		8.6016534e-08
144		5.5504975		5.5504971		8.5908908e-08
145		5.557394		5.5573936		8.5802299e-08
146		5.5642433		5.5642428		8.5696684e-08
147		5.5710459		5.5710459		0
148		5.5778027		5.5778027		0
149		5.5845141		5.5845141		0
150		5.5911808		5.5911808		0
151		5.5978031		5.5978031		0
152		5.604382		5.604382		0
153		5.610918		5.610918		0
154		5.6174116		5.6174116		0
155		5.6238632		5.6238632		0
156		5.6302733		5.6302733		0
157		5.6366429		5.6366429		0
158		5.642972		5.642972		0
159		5.6492615		5.6492615		0
160		5.6555114		5.6555114		0
161		5.6617227		5.6617227		0
162		5.6678953		5.6678953		0
163		5.6740303		5.6740303		0
164		5.6801281		5.6801281		0
165		5.6861887		5.6861887		0
166		5.6922126		5.6922126		0
167		5.6982007		5.6982007		0
168		5.7041531		5.7041531		0
169		5.7100701		5.7100701		0
170		5.7159524		5.7159524		0
171		5.7218003		5.7218003		0
172		5.7276144		5.7276144		0
173		5.7333946		5.7333951		8.3168374e-08
174		5.7391419		5.7391419		0
175		5.7448564		5.7448564		0
176		5.7505383		5.7505383		0
177		5.7561879		5.7561879		0
178		5.761806		5.761806		0
179		5.7673926		5.7673926		0
180		5.7729483		5.7729483		0
181		5.7784729		5.7784729		0
182		5.7839675		5.7839675		0
183		5.789432		5.789432		0
184		5.794867		5.7948666		8.2286135e-08
185		5.8002725		5.800272		8.2209446e-08
186		5.8056488		5.8056483		8.2133319e-08
187		5.8109965		5.8109961		8.2057731e-08
188		5.8163157		5.8163152		8.1982691e-08
189		5.8216066		5.8216062		8.1908176e-08
190		5.82687		5.8268695		8.1834195e-08
191		5.8321056		5.8321047		1.6352146e-07
192		5.8373141		5.8373132		1.6337556e-07
193		5.8424954		5.8424945		1.6323068e-07
194		5.8476501		5.8476491		1.630868e-07
195		5.8527784		5.8527775		1.6294389e-07
196		5.8578806		5.8578792		2.4420297e-07
197		5.8629565		5.8629556		1.6266102e-07
198		5.8680072		5.8680062		1.6252102e-07
199		5.8730321		5.8730311		1.6238197e-07
200		5.8780322		5.8780313		1.6224384e-07
201		5.8830075		5.8830066		1.6210662e-07
202		5.887958		5.8879571		1.6197032e-07
203		5.8928843		5.8928828		2.4275241e-07
204		5.8977861		5.8977852		1.6170041e-07
205		5.9026642		5.9026628		2.4235018e-07
206		5.9075184		5.9075174		1.6143403e-07
207		5.9123492		5.9123483		1.6130213e-07
208		5.9171567		5.9171557		1.6117107e-07
209		5.9219413		5.9219408		8.0520422e-08
210		5.926703		5.926703		0
211		5.9314423		5.9314418		8.0391445e-08
212		5.9361591		5.9361591		0
213		5.9408541		5.9408536		8.026408e-08
214		5.9455271		5.9455266		8.0200998e-08
215		5.9501781		5.9501777		8.0138307e-08
216		5.9548078		5.9548078		0
217		5.9594159		5.9594159		0
218		5.9640031		5.9640031		0
219		5.9685693		5.9685693		0
220		5.973115		5.9731145		7.9830571e-08
221		5.9776397		5.9776397		0
222		5.9821444		5.9821439		7.9710077e-08
223		5.9866285		5.9866285		0
224		5.9910927		5.9910927		0
225		5.9955373		5.9955373		0
226		5.9999619		5.9999623		7.9473359e-08
227		6.0043674		6.0043674		0
228		6.0087533		6.0087533		0
229		6.0131202		6.0131202		0
230		6.017468		6.017468		0
231		6.0217972		6.0217967		7.9185199e-08
232		6.0261073		6.0261073		0
233		6.0303993		6.0303988		7.9072244e-08
234		6.0346727		6.0346723		7.9016246e-08
235		6.038928		6.0389276		7.8960568e-08
236		6.0431652		6.0431647		7.8905209e-08
237		6.0473847		6.0473847		0
238		6.0515866		6.0515862		7.8795402e-08
239		6.0557709		6.0557704		7.874096e-08
240		6.0599375		6.059937		7.8686817e-08
241		6.0640869		6.0640864		7.8632972e-08
242		6.0682192		6.0682187		7.8579426e-08
243		6.0723343		6.0723338		7.8526178e-08
244		6.0764327		6.0764318		1.5694644e-07
245		6.0805144		6.0805135		1.5684108e-07
246		6.0845795		6.0845785		1.5673631e-07
247		6.0886278		6.0886273		7.8316035e-08
248		6.09266		6.0926595		7.8264208e-08
249		6.0966759		6.0966754		7.8212651e-08
250		6.1006761		6.1006756		7.8161371e-08
251		6.10466		6.1046596		7.8110361e-08
252		6.1086283		6.1086278		7.8059621e-08
253		6.1125808		6.1125803		7.8009144e-08
254		6.116518		6.1165175		7.795893e-08
255		6.1204395		6.1204391		7.7908979e-08
256		6.1243458		6.1243453		7.7859283e-08
257		6.1282368		6.1282363		7.7809851e-08
258		6.1321125		6.1321125		0
259		6.1359735		6.1359735		0
260		6.1398196		6.1398196		0
261		6.143651		6.143651		0
262		6.1474676		6.1474676		0
263		6.1512699		6.1512699		0
264		6.1550579		6.1550574		7.7470787e-08
265		6.1588316		6.1588311		7.7423323e-08
266		6.162591		6.1625905		7.7376093e-08
267		6.1663365		6.1663361		7.7329091e-08
268		6.1700678		6.1700673		7.728233e-08
269		6.1737852		6.1737847		7.7235789e-08
270		6.1774888		6.1774883		7.718949e-08
271		6.181179		6.1811786		7.7143405e-08
272		6.1848555		6.184855		7.7097546e-08
273		6.1885185		6.188518		7.7051915e-08
274		6.1921682		6.1921678		7.7006497e-08
275		6.1958046		6.1958041		7.69613e-08
276		6.1994276		6.1994271		7.6916329e-08
277		6.2030377		6.2030373		7.6871558e-08
278		6.206635		6.2066345		7.6827007e-08
279		6.2102194		6.2102184		1.5356534e-07
280		6.2137909		6.2137899		1.5347707e-07
281		6.2173495		6.2173486		1.5338924e-07
282		6.2208958		6.2208948		1.533018e-07
283		6.2244291		6.2244282		1.5321477e-07
284		6.2279501		6.2279496		7.6564071e-08
285		6.2314587		6.2314582		7.6520962e-08
286		6.2349553		6.2349548		7.6478045e-08
287		6.2384396		6.2384391		7.6435335e-08
288		6.2419119		6.2419114		7.6392809e-08
289		6.2453723		6.2453713		1.5270098e-07
290		6.2488208		6.2488198		1.5261671e-07
291		6.2522573		6.2522564		1.5253282e-07
292		6.255682		6.255681		1.5244932e-07
293		6.2590952		6.2590938		2.285493e-07
294		6.2624965		6.262495		2.2842517e-07
295		6.2658863		6.2658849		2.2830159e-07
296		6.2692647		6.2692633		2.2817856e-07
297		6.2726316		6.2726302		2.2805608e-07
298		6.2759871		6.2759862		1.5195609e-07
299		6.2793317		6.2793307		1.5187516e-07
300		6.2826653		6.2826643		1.5179457e-07
301		6.2859874		6.2859859		2.2757153e-07
302		6.2892985		6.2892976		1.5163447e-07
303		6.2925987		6.2925978		1.5155494e-07
304		6.2958884		6.295887		2.2721365e-07
305		6.2991672		6.2991657		2.2709538e-07
306		6.3024349		6.302434		1.5131842e-07
307		6.3056922		6.3056912		1.5124024e-07
308		6.308939		6.308938		1.5116241e-07
309		6.3121753		6.3121738		2.2662739e-07
310		6.3154011		6.3153996		2.2651163e-07
311		6.3186164		6.3186154		1.509309e-07
312		6.3218217		6.3218203		2.2628159e-07
313		6.3250165		6.3250151		2.2616729e-07
314		6.3282013		6.3281999		2.2605346e-07
315		6.3313761		6.3313742		3.0125349e-07
316		6.3345408		6.3345389		3.01103e-07
317		6.3376956		6.3376937		3.009531e-07
318		6.3408403		6.3408384		3.0080386e-07
319		6.3439751		6.3439732		3.0065522e-07
320		6.3471003		6.3470979		3.7563402e-07
321		6.3502154		6.3502135		3.0035977e-07
322		6.3533211		6.3533192		3.0021295e-07
323		6.3564172		6.3564153		3.0006672e-07
324		6.3595037		6.3595014		3.7490136e-07
325		6.3625808		6.3625784		3.7472006e-07
326		6.3656483		6.3656459		3.745395e-07
327		6.3687062		6.3687043		2.9948771e-07
328		6.3717551		6.3717527		3.7418053e-07
329		6.3747945		6.3747921		3.7400213e-07
330		6.3778248		6.3778224		3.7382443e-07
331		6.380846		6.3808436		3.7364742e-07
332		6.3838582		6.3838558		3.7347112e-07
333		6.3868613		6.3868589		3.7329551e-07
334		6.3898554		6.389853		3.731206e-07
335		6.3928404		6.392838		3.7294637e-07
336		6.3958168		6.3958139		4.4732741e-07
337		6.3987842		6.3987813		4.4711999e-07
338		6.4017429		6.4017401		4.4691333e-07
339		6.4046926		6.4046898		4.467075e-07
340		6.4076338		6.4076309		4.4650247e-07
341		6.4105663		6.4105635		4.462982e-07
342		6.4134903		6.4134874		4.4609473e-07
343		6.4164057		6.4164028		4.4589203e-07
344		6.4193125		6.4193101		3.7140842e-07
345		6.4222112		6.4222088		3.7124079e-07
346		6.4251013		6.4250989		3.7107378e-07
347		6.4279833		6.4279809		3.7090743e-07
348		6.4308567		6.4308543		3.707417e-07
349		6.433722		6.4337196		3.7057657e-07
350		6.4365792		6.4365768		3.7041207e-07
351		6.4394283		6.4394255		4.4429785e-07
352		6.4422693		6.4422665		4.4410191e-07
353		6.4451022		6.4450994		4.4390671e-07
354		6.447927		6.4479241		4.4371225e-07
355		6.4507437		6.4507413		3.6959872e-07
356		6.4535527		6.4535503		3.6943786e-07
357		6.4563537		6.4563513		3.6927759e-07
358		6.459147		6.4591446		3.6911788e-07
359		6.4619327		6.4619303		3.6895875e-07
360		6.4647102		6.4647079		3.6880024e-07
361		6.4674802		6.4674778		3.6864228e-07
362		6.4702425		6.4702406		2.947879e-07
363		6.4729972		6.4729953		2.9466244e-07
364		6.4757442		6.4757423		2.9453744e-07
365		6.4784842		6.4784822		2.9441287e-07
366		6.4812164		6.4812145		2.9428875e-07
367		6.4839411		6.4839392		2.9416509e-07
368		6.4866586		6.4866567		2.9404185e-07
369		6.4893684		6.4893665		2.9391907e-07
370		6.4920712		6.4920692		2.9379672e-07
371		6.4947667		6.4947648		2.9367479e-07
372		6.4974551		6.4974527		3.6694161e-07
373		6.5001359		6.5001335		3.6679029e-07
374		6.5028095		6.5028076		2.9331156e-07
375		6.505476		6.5054741		2.9319133e-07
376		6.5081358		6.5081339		2.9307151e-07
377		6.5107884		6.5107861		3.6619016e-07
378		6.5134339		6.5134315		3.6604143e-07
379		6.5160723		6.5160704		2.9271456e-07
380		6.5187039		6.518702		2.9259638e-07
381		6.5213284		6.5213265		2.9247863e-07
382		6.5239463		6.5239444		2.9236128e-07
383		6.5265574		6.5265555		2.9224429e-07
384		6.5291615		6.5291595		2.9212774e-07
385		6.5317588		6.5317569		2.9201158e-07
386		6.5343494		6.5343475		2.9189582e-07
387		6.5369334		6.5369315		2.9178042e-07
388		6.5395107		6.5395088		2.9166543e-07
389		6.5420814		6.5420799		2.186631e-07
390		6.5446453		6.5446439		2.1857744e-07
391		6.5472031		6.5472016		2.1849205e-07
392		6.5497541		6.5497527		2.1840694e-07
393		6.5522985		6.5522971		2.1832213e-07
394		6.5548368		6.5548348		2.9098348e-07
395		6.5573683		6.5573668		2.1815335e-07
396		6.5598936		6.5598922		2.1806936e-07
397		6.5624123		6.5624108		2.1798566e-07
398		6.5649247		6.5649233		2.1790224e-07
399		6.567431		6.5674295		2.1781908e-07
400		6.569931		6.5699296		2.177362e-07
401		6.5724249		6.5724235		2.1765358e-07
402		6.5749125		6.5749111		2.1757123e-07
403		6.577394		6.5773921		2.8998554e-07
404		6.5798693		6.5798674		2.8987645e-07
405		6.5823383		6.5823364		2.8976771e-07
406		6.5848012		6.5847998		2.1724449e-07
407		6.5872583		6.5872564		2.8955131e-07
408		6.5897093		6.5897079		2.1708269e-07
409		6.5921545		6.5921526		2.8933624e-07
410		6.5945935		6.5945916		2.8922923e-07
411		6.5970268		6.5970244		3.6140321e-07
412		6.5994539		6.5994515		3.6127028e-07
413		6.6018753		6.6018729		3.6113778e-07
414		6.604291		6.6042886		3.610057e-07
415		6.6067004		6.606698		3.6087403e-07
416		6.6091042		6.6091018		3.6074277e-07
417		6.6115022		6.6114998		3.6061195e-07
418		6.6138945		6.6138921		3.6048152e-07
419		6.616281		6.6162791		2.8828117e-07
420		6.6186619		6.6186595		3.6022186e-07
421		6.621037		6.6210351		2.8807409e-07
422		6.6234069		6.623405		2.8797101e-07
423		6.625771		6.6257691		2.8786826e-07
424		6.6281295		6.6281276		2.8776583e-07
425		6.6304822		6.6304803		2.8766371e-07
426		6.6328297		6.6328278		2.875619e-07
427		6.6351714		6.6351695		2.8746041e-07
428		6.6375079		6.637506		2.8735923e-07
429		6.6398387		6.6398368		2.8725836e-07
430		6.6421642		6.6421628		2.1536833e-07
431		6.6444845		6.6444831		2.1529311e-07
432		6.6467996		6.6467977		2.8695752e-07
433		6.6491089		6.6491075		2.1514339e-07
434		6.651413		6.6514115		2.1506885e-07
435		6.6537118		6.6537099		2.8665943e-07
436		6.6560054		6.6560035		2.8656063e-07
437		6.6582937		6.6582923		2.1484661e-07
438		6.6605768		6.6605754		2.1477295e-07
439		6.6628547		6.6628532		2.1469953e-07
440		6.6651273		6.6651263		1.4308421e-07
441		6.6673946		6.6673932		2.1455334e-07
442		6.6696572		6.6696563		1.4298702e-07
443		6.6719146		6.6719136		1.4293865e-07
444		6.6741667		6.6741657		1.4289041e-07
445		6.676414		6.6764131		1.4284232e-07
446		6.6786561		6.6786551		1.4279436e-07
447		6.6808934		6.6808925		1.4274654e-07
448		6.6831255		6.6831241		2.1404831e-07
449		6.6853528		6.6853518		1.4265133e-07
450		6.6875749		6.6875739		1.4260392e-07
451		6.6897922		6.6897912		1.4255666e-07
452		6.6920047		6.6920037		1.4250953e-07
453		6.694212		6.694211		1.4246254e-07
454		6.6964145		6.6964135		1.4241569e-07
455		6.6986122		6.6986117		7.1184473e-08
456		6.7008052		6.7008042		1.4232236e-07
457		6.7029934		6.7029929		7.1137947e-08
458		6.7051768		6.7051759		1.4222958e-07
459		6.7073555		6.707355		7.1091684e-08
460		6.7095294		6.7095284		1.4213731e-07
461		6.7116985		6.7116981		7.1045683e-08
462		6.7138629		6.7138619		1.4204556e-07
463		6.7160225		6.716022		7.0999938e-08
464		6.7181778		6.7181773		7.0977158e-08
465		6.7203283		6.7203279		7.0954449e-08
466		6.7224741		6.7224736		7.0931797e-08
467		6.7246156		6.7246146		1.4181843e-07
468		6.7267523		6.7267518		7.0886685e-08
469		6.7288847		6.7288837		1.4172846e-07
470		6.7310123		6.7310114		1.4168366e-07
471		6.7331357		6.7331347		1.4163898e-07
472		6.7352543		6.7352533		1.4159443e-07
473		6.7373686		6.7373676		1.4154999e-07
474		6.7394781		6.7394772		1.4150568e-07
475		6.7415833		6.7415824		1.414615e-07
476		6.7436843		6.7436833		1.4141742e-07
477		6.7457809		6.7457795		2.1206021e-07
478		6.7478728		6.7478719		1.4132964e-07
479		6.7499604		6.7499595		1.4128594e-07
480		6.7520437		6.7520428		1.4124234e-07
481		6.7541227		6.7541218		1.4119887e-07
482		6.7561975		6.7561965		1.411555e-07
483		6.7582679		6.7582669		1.4111225e-07
484		6.760334		6.7603331		1.4106914e-07
485		6.7623959		6.7623949		1.4102612e-07
486		6.7644534		6.7644525		1.4098322e-07
487		6.7665067		6.7665057		1.4094044e-07
488		6.7685556		6.7685552		7.0448884e-08
489		6.7706008		6.7705998		1.4085522e-07
490		6.7726417		6.7726407		1.4081277e-07
491		6.7746782		6.7746773		1.4077044e-07
492		6.776711		6.77671		1.4072822e-07
493		6.7787395		6.7787385		1.4068611e-07
494		6.7807636		6.7807627		1.406441e-07
495		6.782784		6.7827826		2.1090334e-07
496		6.7848001		6.7847986		2.1084067e-07
497		6.7868123		6.7868109		2.1077815e-07
498		6.7888203		6.7888188		2.1071581e-07
499		6.7908244		6.790823		2.1065362e-07
500		6.7928243		6.7928228		2.1059161e-07
501		6.7948203		6.7948189		2.1052975e-07
502		6.7968125		6.7968106		2.8062408e-07
503		6.7988005		6.798799		2.104065e-07
504		6.8007846		6.8007832		2.1034511e-07
505		6.8027649		6.8027635		2.1028387e-07
506		6.8047414		6.8047395		2.8029709e-07
507		6.8067136		6.8067122		2.1016189e-07
508		6.808682		6.8086805		2.1010113e-07
509		6.8106465		6.8106451		2.1004053e-07
510		6.8126073		6.8126059		2.0998007e-07
511		6.8145642		6.8145628		2.0991978e-07
512		6.8165174		6.8165159		2.0985962e-07
513		6.8184667		6.8184652		2.0979962e-07
514		6.8204122		6.8204107		2.0973978e-07
515		6.8223538		6.8223524		2.096801e-07
516		6.8242917		6.8242908		1.3974703e-07
517		6.8262258		6.8262248		1.3970742e-07
518		6.8281565		6.8281555		1.3966793e-07
519		6.8300834		6.8300824		1.3962853e-07
520		6.8320065		6.8320055		1.3958922e-07
521		6.8339257		6.8339248		1.3955001e-07
522		6.8358417		6.8358407		1.395109e-07
523		6.8377538		6.8377528		1.3947189e-07
524		6.8396621		6.8396611		1.3943298e-07
525		6.841567		6.8415656		2.0909124e-07
526		6.8434682		6.8434668		2.0903316e-07
527		6.8453655		6.8453646		1.3931681e-07
528		6.8472595		6.8472586		1.3927827e-07
529		6.8491497		6.8491488		1.3923983e-07
530		6.8510365		6.8510356		1.3920149e-07
531		6.8529196		6.8529191		6.958161e-08
532		6.8547993		6.8547988		6.9562532e-08
533		6.8566756		6.8566747		1.3908701e-07
534		6.8585482		6.8585472		1.3904902e-07
535		6.8604174		6.8604164		1.3901114e-07
536		6.8622832		6.8622823		1.3897335e-07
537		6.8641453		6.8641443		1.3893565e-07
538		6.866004		6.866003		1.3889803e-07
539		6.8678594		6.8678584		1.3886051e-07
540		6.8697114		6.8697104		1.3882307e-07
541		6.8715596		6.8715587		1.3878574e-07
542		6.8734045		6.873404		6.9374238e-08
543		6.875246		6.8752456		6.9355657e-08
544		6.8770843		6.8770838		6.9337119e-08
545		6.8789191		6.8789186		6.9318624e-08
546		6.8807507		6.8807502		6.9300171e-08
547		6.8825788		6.8825779		1.3856354e-07
548		6.8844037		6.8844028		1.385268e-07
549		6.8862252		6.8862243		1.3849017e-07
550		6.8880434		6.8880429		6.92268e-08
551		6.8898582		6.8898578		6.9208561e-08
552		6.8916698		6.8916693		6.9190371e-08
553		6.8934779		6.8934774		6.9172224e-08
554		6.8952827		6.8952827		0
555		6.8970847		6.8970842		6.913605e-08
556		6.8988833		6.8988829		6.9118023e-08
557		6.9006786		6.9006782		6.9100047e-08
558		6.9024706		6.9024706		0
559		6.9042597		6.9042592		6.90642e-08
560		6.9060454		6.906045		6.9046344e-08
561		6.9078279		6.9078274		6.902853e-08
562		6.9096074		6.9096069		6.9010753e-08
563		6.9113836		6.9113832		6.8993018e-08
564		6.9131565		6.913156		6.8975318e-08
565		6.9149265		6.9149261		6.8957668e-08
566		6.9166932		6.9166927		6.8940054e-08
567		6.918457		6.9184566		6.8922475e-08
568		6.9202175		6.920217		6.8904946e-08
569		6.9219751		6.9219747		6.8887445e-08
570		6.9237294		6.9237289		6.8869994e-08
571		6.9254808		6.9254804		6.8852579e-08
572		6.9272289		6.9272285		6.8835199e-08
573		6.9289742		6.9289737		6.8817862e-08
574		6.9307165		6.9307156		1.3760113e-07
575		6.9324555		6.9324546		1.3756662e-07
576		6.9341917		6.9341908		1.3753217e-07
577		6.935925		6.9359241		1.3749781e-07
578		6.937655		6.937654		1.3746352e-07
579		6.9393821		6.9393811		1.3742931e-07
580		6.9411063		6.9411054		1.3739516e-07
581		6.9428277		6.9428263		2.0604166e-07
582		6.9445457		6.9445448		1.3732712e-07
583		6.9462609		6.94626		1.3729321e-07
584		6.9479733		6.9479723		1.3725938e-07
585		6.9496827		6.9496818		1.3722561e-07
586		6.9513893		6.9513879		2.057879e-07
587		6.9530931		6.9530916		2.0573746e-07
588		6.9547939		6.954792		2.7424954e-07
589		6.9564919		6.95649		2.7418261e-07
590		6.9581866		6.9581847		2.7411585e-07
591		6.9598784		6.959877		2.0553689e-07
592		6.9615674		6.961566		2.0548703e-07
593		6.963254		6.9632525		2.0543726e-07
594		6.9649377		6.9649358		2.7385013e-07
595		6.9666185		6.9666166		2.7378405e-07
596		6.9682965		6.9682946		2.7371814e-07
597		6.9699717		6.9699697		2.7365235e-07
598		6.9716439		6.971642		2.7358672e-07
599		6.9733133		6.9733114		2.7352121e-07
600		6.9749799		6.974978		2.7345587e-07
601		6.9766436		6.9766417		2.7339067e-07
602		6.9783049		6.978303		2.7332558e-07
603		6.9799633		6.9799614		2.7326064e-07
604		6.9816189		6.981617		2.7319584e-07
605		6.9832716		6.9832702		2.0484836e-07
606		6.9849219		6.98492		2.7306663e-07
607		6.9865694		6.9865675		2.7300226e-07
608		6.988214		6.9882126		2.0470348e-07
609		6.9898562		6.9898543		2.7287388e-07
610		6.9914956		6.9914937		2.728099e-07
611		6.9931321		6.9931302		2.7274604e-07
612		6.9947662		6.9947643		2.7268234e-07
613		6.9963975		6.9963956		2.7261876e-07
614		6.9980264		6.9980245		2.725553e-07
615		6.9996524		6.9996505		2.7249197e-07
616		7.0012755		7.0012741		2.0432159e-07
617		7.0028963		7.0028949		2.042743e-07
618		7.0045142		7.0045128		2.0422712e-07
619		7.0061297		7.0061283		2.0418003e-07
620		7.0077429		7.0077415		2.0413303e-07
621		7.0093532		7.0093517		2.0408613e-07
622		7.0109611		7.0109591		2.7205246e-07
623		7.0125661		7.0125642		2.7199019e-07
624		7.0141687		7.0141668		2.7192803e-07
625		7.0157685		7.0157666		2.7186604e-07
626		7.0173659		7.0173645		2.0385309e-07
627		7.018961		7.018959		2.7174238e-07
628		7.0205531		7.0205517		2.0376055e-07
629		7.0221429		7.0221415		2.0371442e-07
630		7.0237303		7.0237284		2.7155787e-07
631		7.0253153		7.0253134		2.7149659e-07
632		7.0268974		7.0268955		2.7143545e-07
633		7.0284772		7.0284753		2.7137446e-07
634		7.0300546		7.0300527		2.7131355e-07
635		7.0316296		7.0316277		2.7125279e-07
636		7.0332017		7.0331998		2.7119216e-07
637		7.0347714		7.03477		2.0334872e-07
638		7.0363388		7.0363374		2.0330343e-07
639		7.0379038		7.0379024		2.0325821e-07
640		7.0394664		7.0394645		2.7095081e-07
641		7.0410266		7.0410247		2.7089078e-07
642		7.0425844		7.042582		3.385386e-07
643		7.0441399		7.0441375		3.3846385e-07
644		7.0456924		7.0456901		3.3838924e-07
645		7.0472426		7.0472407		2.7065184e-07
646		7.0487905		7.0487885		2.7059241e-07
647		7.0503359		7.0503345		2.028998e-07
648		7.0518789		7.0518775		2.028554e-07
649		7.0534196		7.0534182		2.0281109e-07
650		7.0549579		7.0549564		2.0276687e-07
651		7.0564938		7.0564928		1.3514848e-07
652		7.0580273		7.0580263		1.3511912e-07
653		7.0595589		7.0595579		1.3508981e-07
654		7.0610881		7.0610871		1.3506055e-07
655		7.0626149		7.062614		1.3503136e-07
656		7.0641394		7.0641384		1.3500221e-07
657		7.0656614		7.0656605		1.3497313e-07
658		7.0671811		7.0671802		1.349441e-07
659		7.0686984		7.0686975		1.3491514e-07
660		7.0702138		7.0702128		1.3488622e-07
661		7.0717268		7.0717254		2.0228606e-07
662		7.0732374		7.073236		2.0224286e-07
663		7.0747457		7.0747442		2.0219974e-07
664		7.0762515		7.0762506		1.3477113e-07
665		7.0777555		7.077754		2.0211375e-07
666		7.079257		7.0792556		2.0207089e-07
667		7.0807562		7.0807548		2.020281e-07
668		7.082253		7.082252		1.3465693e-07
669		7.0837479		7.0837464		2.0194278e-07
670		7.0852404		7.0852389		2.0190025e-07
671		7.0867305		7.0867295		1.3457185e-07
672		7.0882187		7.0882177		1.345436e-07
673		7.0897045		7.0897036		1.345154e-07
674		7.0911884		7.091187		2.0173088e-07
675		7.09267		7.0926685		2.0168875e-07
676		7.0941491		7.0941477		2.016467e-07
677		7.0956264		7.0956249		2.0160472e-07
678		7.0971012		7.0970998		2.0156283e-07
679		7.0985742		7.0985727		2.01521e-07
680		7.1000447		7.1000433		2.0147927e-07
681		7.1015134		7.1015115		2.6858348e-07
682		7.1029797		7.1029778		2.6852803e-07
683		7.104444		7.1044421		2.6847269e-07
684		7.105906		7.1059041		2.6841744e-07
685		7.1073661		7.1073637		3.3545291e-07
686		7.1088238		7.1088219		2.6830728e-07
687		7.1102796		7.1102772		3.3531546e-07
688		7.111733		7.1117306		3.3524691e-07
689		7.1131845		7.1131821		3.3517853e-07
690		7.1146336		7.1146317		2.6808817e-07
691		7.1160808		7.1160784		3.350421e-07
692		7.1175261		7.1175237		3.3497406e-07
693		7.118969		7.1189666		3.3490616e-07
694		7.12041		7.1204076		3.3483838e-07
695		7.1218486		7.1218462		3.3477076e-07
696		7.1232853		7.1232834		2.6776257e-07
697		7.1247201		7.1247177		3.3463581e-07
698		7.126153		7.1261506		3.3456854e-07
699		7.1275835		7.1275811		3.3450138e-07
700		7.1290121		7.1290097		3.3443436e-07
701		7.1304388		7.1304359		4.0124095e-07
702		7.1318631		7.1318607		3.3430067e-07
703		7.1332855		7.1332831		3.3423402e-07
704		7.134706		7.1347036		3.3416745e-07
705		7.1361246		7.1361222		3.3410103e-07
706		7.1375408		7.1375384		3.3403475e-07
707		7.1389551		7.1389532		2.6717484e-07
708		7.1403675		7.1403656		2.6712198e-07
709		7.141778		7.1417756		3.3383657e-07
710		7.1431866		7.1431842		3.3377074e-07
711		7.1445932		7.1445909		3.33705e-07
712		7.1459975		7.1459951		3.3363943e-07
713		7.1473999		7.147398		2.6685916e-07
714		7.1488004		7.1487985		2.6680689e-07
715		7.1501989		7.150197		2.6675468e-07
716		7.1515956		7.1515937		2.6670261e-07
717		7.1529903		7.1529884		2.666506e-07
718		7.1543832		7.1543813		2.6659868e-07
719		7.1557741		7.1557717		3.3318361e-07
720		7.1571631		7.1571608		3.3311895e-07
721		7.1585503		7.1585479		3.330544e-07
722		7.1599355		7.1599326		3.9958798e-07
723		7.1613188		7.1613159		3.9951078e-07
724		7.1627002		7.1626973		3.9943373e-07
725		7.1640797		7.1640763		4.6591632e-07
726		7.1654572		7.1654539		4.6582676e-07
727		7.1668329		7.1668291		5.3227126e-07
728		7.1682067		7.1682029		5.3216928e-07
729		7.1695786		7.1695747		5.3206742e-07
730		7.1709485		7.1709447		5.3196578e-07
731		7.1723166		7.1723127		5.3186432e-07
732		7.1736827		7.1736789		5.3176302e-07
733		7.1750469		7.1750431		5.3166195e-07
734		7.1764092		7.1764054		5.31561e-07
735		7.1777697		7.1777658		5.3146027e-07
736		7.1791282		7.1791248		4.6493969e-07
737		7.1804852		7.1804814		5.3125927e-07
738		7.1818404		7.1818366		5.31159e-07
739		7.1831937		7.1831899		5.3105896e-07
740		7.184545		7.1845412		5.3095908e-07
741		7.1858945		7.1858907		5.3085932e-07
742		7.187242		7.1872382		5.3075985e-07
743		7.1885881		7.1885843		5.3066043e-07
744		7.1899323		7.1899281		5.9688142e-07
745		7.1912746		7.1912704		5.9677001e-07
746		7.192615		7.1926107		5.9665877e-07
747		7.1939535		7.1939497		5.3026463e-07
748		7.1952906		7.1952868		5.3016612e-07
749		7.1966257		7.1966219		5.3006778e-07
750		7.1979589		7.1979551		5.2996955e-07
751		7.1992903		7.1992869		4.636376e-07
752		7.2006202		7.2006164		5.2977373e-07
753		7.2019482		7.2019444		5.2967602e-07
754		7.2032743		7.2032709		4.6338118e-07
755		7.2045989		7.2045951		5.2948116e-07
756		7.2059216		7.2059178		5.2938395e-07
757		7.2072425		7.2072392		4.6312604e-07
758		7.2085619		7.2085586		4.6304126e-07
759		7.2098794		7.2098761		4.6295665e-07
760		7.211195		7.2111917		4.6287221e-07
761		7.2125092		7.2125058		4.6278785e-07
762		7.2138214		7.2138181		4.6270367e-07
763		7.2151322		7.2151289		4.626196e-07
764		7.2164412		7.2164373		5.2861225e-07
765		7.2177482		7.2177448		4.6245194e-07
766		7.2190537		7.2190499		5.2842097e-07
767		7.2203574		7.2203541		4.6228482e-07
768		7.2216597		7.2216558		5.2823026e-07
769		7.22296		7.2229567		4.6211827e-07
770		7.2242589		7.2242551		5.2804023e-07
771		7.2255559		7.2255521		5.2794542e-07
772		7.2268515		7.2268476		5.2785077e-07
773		7.2281451		7.2281413		5.277563e-07
774		7.2294369		7.2294331		5.27662e-07
775		7.2307272		7.2307234		5.2756786e-07
776		7.2320161		7.2320123		5.2747384e-07
777		7.2333031		7.2332993		5.2738e-07
778		7.2345886		7.2345843		5.9319711e-07
779		7.2358723		7.235868		5.9309184e-07
780		7.2371545		7.2371502		5.9298679e-07
781		7.2384348		7.2384305		5.9288192e-07
782		7.2397137		7.2397094		5.9277716e-07
783		7.2409906		7.2409868		5.2682009e-07
784		7.2422662		7.2422619		5.9256826e-07
785		7.2435403		7.243536		5.92464e-07
786		7.2448125		7.2448082		5.9235998e-07
787		7.2460833		7.246079		5.9225607e-07
788		7.2473521		7.2473478		5.9215239e-07
789		7.2486196		7.2486153		5.9204888e-07
790		7.2498856		7.2498813		5.9194548e-07
791		7.2511497		7.2511454		5.9184231e-07
792		7.2524123		7.2524085		5.259904e-07
793		7.2536736		7.2536693		5.9163636e-07
794		7.2549329		7.2549291		5.2580765e-07
795		7.2561908		7.2561865		5.914311e-07
796		7.2574472		7.257443		5.9132873e-07
797		7.2587018		7.2586975		5.9122652e-07
798		7.2599549		7.2599506		5.9112449e-07
799		7.2612066		7.2612023		5.9102257e-07
800		7.2624564		7.2624526		5.2526298e-07
801		7.2637048		7.263701		5.2517265e-07
802		7.2649517		7.2649474		5.9071789e-07
803		7.2661972		7.2661929		5.9061665e-07
804		7.2674408		7.2674365		5.9051558e-07
805		7.268683		7.2686791		5.24813e-07
806		7.2699237		7.2699199		5.2472342e-07
807		7.271163		7.2711587		5.9021329e-07
808		7.2724004		7.2723966		5.245447e-07
809		7.2736363		7.2736325		5.2445557e-07
810		7.2748709		7.2748671		5.2436661e-07
811		7.276104		7.2761002		5.2427771e-07
812		7.2773356		7.2773318		5.2418898e-07
813		7.2785659		7.2785621		5.2410041e-07
814		7.2797942		7.2797904		5.2401197e-07
815		7.2810211		7.2810173		5.2392369e-07
816		7.2822466		7.2822428		5.2383552e-07
817		7.2834706		7.2834668		5.2374747e-07
818		7.2846932		7.2846894		5.2365954e-07
819		7.2859144		7.2859106		5.2357177e-07
820		7.2871342		7.2871299		5.889197e-07
821		7.288352		7.2883477		5.8882131e-07
822		7.2895684		7.2895646		5.2330932e-07
823		7.2907834		7.2907796		5.2322213e-07
824		7.291997		7.2919931		5.2313504e-07
825		7.2932091		7.2932053		5.2304813e-07
826		7.2944198		7.294416		5.2296133e-07
827		7.295629		7.2956252		5.2287464e-07
828		7.2968369		7.296833		5.2278807e-07
829		7.2980433		7.298039		5.8803937e-07
830		7.2992482		7.2992439		5.8794234e-07
831		7.3004518		7.3004475		5.8784542e-07
832		7.3016539		7.3016496		5.8774862e-07
833		7.3028545		7.3028498		6.5294671e-07
834		7.3040538		7.304049		6.528395e-07
835		7.3052516		7.3052464		7.1800571e-07
836		7.306448		7.3064427		7.1788816e-07
837		7.3076429		7.3076372		7.830227e-07
838		7.3088365		7.3088307		7.8289486e-07
839		7.3100286		7.3100228		7.8276719e-07
840		7.3112192		7.3112135		7.8263969e-07
841		7.3124084		7.3124022		8.4772182e-07
842		7.3135962		7.31359		8.4758415e-07
843		7.3147826		7.3147764		8.474467e-07
844		7.3159676		7.3159614		8.4730942e-07
845		7.3171511		7.3171444		9.1233954e-07
846		7.3183331		7.3183265		9.1219221e-07
847		7.3195138		7.3195071		9.1204504e-07
848		7.320693		7.3206863		9.1189816e-07
849		7.3218708		7.3218641		9.1175144e-07
850		7.3230472		7.323041		8.4649031e-07
851		7.3242221		7.3242159		8.4635451e-07
852		7.3253956		7.3253899		7.811251e-07
853		7.3265681		7.3265619		8.4608348e-07
854		7.3277392		7.3277326		9.1102129e-07
855		7.3289089		7.3289022		9.1087588e-07
856		7.3300772		7.3300705		9.1073071e-07
857		7.331244		7.3312373		9.1058575e-07
858		7.3324094		7.3324032		8.4540949e-07
859		7.3335733		7.3335667		9.1029654e-07
860		7.3347363		7.3347297		9.1015221e-07
861		7.3358979		7.3358912		9.1000805e-07
862		7.3370581		7.3370514		9.0986418e-07
863		7.3382168		7.3382101		9.0972048e-07
864		7.3393741		7.3393674		9.0957707e-07
865		7.3405299		7.3405237		8.4447424e-07
866		7.3416848		7.3416781		9.0929075e-07
867		7.3428383		7.3428316		9.0914796e-07
868		7.3439903		7.3439837		9.0900534e-07
869		7.3451409		7.3451347		8.4394406e-07
870		7.3462906		7.3462839		9.0872072e-07
871		7.3474388		7.3474321		9.0857867e-07
872		7.3485856		7.3485785		9.7332531e-07
873		7.349731		7.3497238		9.7317366e-07
874		7.3508749		7.3508682		9.0815399e-07
875		7.3520179		7.3520112		9.0801279e-07
876		7.3531594		7.3531528		9.0787182e-07
877		7.3542995		7.3542929		9.0773108e-07
878		7.3554387		7.355432		9.075905e-07
879		7.3565764		7.3565693		9.7226803e-07
880		7.3577127		7.3577061		9.0730998e-07
881		7.3588476		7.3588409		9.0717009e-07
882		7.3599815		7.3599749		9.0703031e-07
883		7.361114		7.3611073		9.0689076e-07
884		7.3622451		7.3622389		8.4198342e-07
885		7.3633752		7.3633685		9.0661229e-07
886		7.3645039		7.3644972		9.064733e-07
887		7.3656311		7.3656244		9.0633461e-07
888		7.3667574		7.3667507		9.0619602e-07
889		7.3678823		7.3678756		9.0605766e-07
890		7.3690057		7.3689995		8.4121098e-07
891		7.3701282		7.370122		8.4108285e-07
892		7.3712492		7.3712425		9.0564384e-07
893		7.3723688		7.3723621		9.0550628e-07
894		7.3734875		7.3734808		9.0536889e-07
895		7.3746047		7.3745985		8.4057228e-07
896		7.375721		7.3757143		9.0509474e-07
897		7.3768358		7.3768291		9.0495797e-07
898		7.3779492		7.377943		8.4019121e-07
899		7.3790617		7.379055		9.0468495e-07
900		7.3801727		7.3801661		9.0454876e-07
901		7.3812828		7.3812761		9.0441273e-07
902		7.3823915		7.3823848		9.0427693e-07
903		7.3834987		7.383492		9.041413e-07
904		7.3846049		7.3845983		9.040059e-07
905		7.3857098		7.3857036		8.3930843e-07
906		7.3868136		7.3868074		8.3918297e-07
907		7.3879161		7.3879099		8.3905775e-07
908		7.3890176		7.3890109		9.03466e-07
909		7.3901176		7.3901114		8.3880781e-07
910		7.3912168		7.3912101		9.0319719e-07
911		7.3923144		7.3923078		9.030631e-07
912		7.3934112		7.3934045		9.0292912e-07
913		7.3945065		7.3944998		9.0279536e-07
914		7.3956003		7.3955936		9.0266184e-07
915		7.3966932		7.3966866		9.0252848e-07
916		7.3977847		7.3977785		8.3793844e-07
917		7.3988752		7.398869		8.3781492e-07
918		7.3999643		7.3999581		8.3769163e-07
919		7.4010525		7.4010463		8.3756845e-07
920		7.4021397		7.402133		9.0186438e-07
921		7.4032254		7.4032187		9.0173211e-07
922		7.4043102		7.4043036		9.016e-07
923		7.4053936		7.4053869		9.0146813e-07
924		7.406476		7.4064693		9.0133636e-07
925		7.407557		7.4075503		9.0120483e-07
926		7.408637		7.4086304		9.0107346e-07
927		7.4097157		7.409709		9.0094227e-07
928		7.4107933		7.4107866		9.008113e-07
929		7.4118695		7.4118629		9.006805e-07
930		7.4129448		7.4129381		9.0054982e-07
931		7.4140191		7.4140124		9.0041937e-07
932		7.415092		7.4150853		9.0028908e-07
933		7.4161639		7.4161572		9.0015891e-07
934		7.4172344		7.4172277		9.0002902e-07
935		7.418304		7.4182973		8.9989925e-07
936		7.4193726		7.4193654		9.6403892e-07
937		7.4204397		7.4204326		9.6390033e-07
938		7.4215059		7.4214988		9.6376186e-07
939		7.4225707		7.422564		8.9938197e-07
940		7.4236345		7.4236279		8.9925305e-07
941		7.4246974		7.4246902		9.6334759e-07
942		7.4257588		7.4257522		8.9899584e-07
943		7.4268193		7.4268122		9.6307235e-07
944		7.4278789		7.4278717		9.6293502e-07
945		7.428937		7.4289298		9.627978e-07
946		7.4299941		7.429987		9.6266081e-07
947		7.4310503		7.4310431		9.6252404e-07
948		7.4321051		7.4320979		9.6238739e-07
949		7.4331589		7.4331517		9.6225097e-07
950		7.4342117		7.4342041		1.0262557e-06
951		7.4352632		7.4352555		1.0261106e-06
952		7.4363136		7.436306		1.0259656e-06
953		7.4373631		7.4373555		1.0258209e-06
954		7.4384112		7.4384036		1.0256763e-06
955		7.4394584		7.4394507		1.025532e-06
956		7.4405046		7.4404969		1.0253877e-06
957		7.4415493		7.4415417		1.0252438e-06
958		7.4425931		7.4425855		1.0251e-06
959		7.4436359		7.4436283		1.0249564e-06
960		7.4446778		7.4446697		1.0888639e-06
961		7.4457183		7.4457107		1.0246697e-06
962		7.4467578		7.4467502		1.0245267e-06
963		7.4477963		7.4477887		1.0243839e-06
964		7.4488335		7.4488258		1.0242412e-06
965		7.4498696		7.4498625		9.6009251e-07
966		7.4509048		7.4508977		9.5995915e-07
967		7.4519391		7.4519315		1.0238143e-06
968		7.4529719		7.4529648		9.596929e-07
969		7.4540038		7.4539967		9.5956e-07
970		7.4550347		7.4550276		9.5942733e-07
971		7.4560647		7.4560575		9.5929477e-07
972		7.4570937		7.4570866		9.5916243e-07
973		7.4581213		7.4581141		9.5903033e-07
974		7.4591479		7.4591408		9.5889834e-07
975		7.4601736		7.4601665		9.5876646e-07
976		7.4611983		7.4611912		9.5863481e-07
977		7.4622221		7.4622149		9.5850328e-07
978		7.4632444		7.4632373		9.5837197e-07
979		7.4642658		7.4642587		9.5824078e-07
980		7.4652863		7.4652791		9.5810981e-07
981		7.4663057		7.4662986		9.5797907e-07
982		7.4673243		7.4673171		9.5784833e-07
983		7.4683414		7.4683342		9.5771793e-07
984		7.4693575		7.4693503		9.5758764e-07
985		7.4703727		7.470366		8.9362692e-07
986		7.4713869		7.4713798		9.5732753e-07
987		7.4724002		7.472393		9.571977e-07
988		7.4734125		7.4734054		9.5706798e-07
989		7.4744234		7.4744163		9.5693861e-07
990		7.4754333		7.4754267		8.9302199e-07
991		7.4764423		7.4764357		8.9290143e-07
992		7.4774504		7.4774437		8.9278109e-07
993		7.4784575		7.4784508		8.9266086e-07
994		7.4794636		7.4794569		8.9254075e-07
995		7.4804688		7.4804616		9.561652e-07
996		7.481473		7.4814658		9.5603684e-07
997		7.4824758		7.4824691		8.9218145e-07
998		7.4834776		7.4834709		8.9206202e-07
999		7.4844785		7.4844718		8.919427e-07
